sample_id,actual,prediction,correct,confidence
0,0,0,1,1.0
1,0,0,1,0.9998948574066162
2,0,0,1,0.9999756217002869
3,1,1,1,0.6372297406196594
4,1,1,1,0.9158875942230225
5,0,0,1,0.9999589323997498
6,0,0,1,0.9838321805000305
7,0,0,1,0.9999998211860657
8,1,1,1,0.9999614953994751
9,1,1,1,0.9896308779716492
10,0,0,1,0.9999982118606567
11,1,1,1,0.9935790300369263
12,1,1,1,0.964664101600647
13,1,1,1,0.9999974966049194
14,0,0,1,0.7197957038879395
15,1,1,1,0.9905089139938354
16,0,0,1,0.9992833733558655
17,1,1,1,0.9299059510231018
18,0,0,1,0.9999992251396179
19,1,1,1,0.9684496521949768
20,1,1,1,0.9991840720176697
21,1,1,1,0.9985268115997314
22,1,1,1,0.9999793767929077
23,0,0,1,0.9982219934463501
24,0,0,1,0.9610339403152466
25,1,1,1,0.997147262096405
26,0,0,1,0.9999334216117859
27,1,1,1,0.9696968793869019
28,1,1,1,0.8907734751701355
29,0,0,1,0.9981170296669006
30,0,0,1,0.9988475441932678
31,0,0,1,0.9999974966049194
32,0,0,1,0.9999999403953552
33,0,0,1,0.8173871636390686
34,0,0,1,0.9997580647468567
35,0,0,1,0.9993838667869568
36,1,1,1,0.9835583567619324
37,0,0,1,0.9115691781044006
38,0,0,1,0.9999487996101379
39,0,0,1,0.9995191693305969
40,1,1,1,0.9998316764831543
41,0,0,1,0.8155490756034851
42,1,1,1,0.9998979568481445
43,0,0,1,0.9679228067398071
44,0,1,0,0.5706210732460022
45,0,0,1,0.9999665021896362
46,1,0,0,0.8497390151023865
47,1,1,1,0.9166010618209839
48,1,0,0,0.6559560298919678
49,0,0,1,0.9991881251335144
50,0,0,1,0.9999998211860657
51,0,0,1,0.9999904632568359
52,1,1,1,0.9954882264137268
53,0,0,1,0.9999903440475464
54,1,1,1,0.9986781477928162
55,0,0,1,0.9999999403953552
56,1,1,1,0.9963840246200562
57,0,0,1,0.9999907612800598
58,1,1,1,0.9999771118164062
59,1,1,1,0.8413953185081482
60,1,1,1,0.9994454979896545
61,0,0,1,0.9999945759773254
62,0,0,1,0.9769688844680786
63,1,1,1,0.9999997615814209
64,0,0,1,0.9889218211174011
65,1,1,1,0.9797210693359375
66,1,0,0,0.5239051580429077
67,0,1,0,0.8825432658195496
68,0,0,1,0.9999752640724182
69,0,1,0,0.7287691235542297
70,0,0,1,0.9999836683273315
71,0,0,1,1.0
72,1,1,1,0.9557556509971619
73,0,0,1,0.9999998807907104
74,1,1,1,0.9999983310699463
75,1,0,0,0.6279883980751038
76,1,1,1,0.9957391023635864
77,0,0,1,0.9830595850944519
78,1,1,1,0.9667136073112488
79,0,0,1,0.7571782469749451
80,0,0,1,0.9885514974594116
81,0,0,1,1.0
82,0,0,1,0.9996252059936523
83,1,1,1,0.9999995231628418
84,1,1,1,0.9736899733543396
85,1,1,1,0.998422384262085
86,0,0,1,0.9996068477630615
87,0,0,1,0.9448098540306091
88,1,1,1,0.8153951168060303
89,0,0,1,0.9928584694862366
90,0,0,1,0.9930527210235596
91,1,1,1,0.9999974966049194
92,0,0,1,0.9413232803344727
93,0,0,1,0.9171515107154846
94,0,1,0,0.6945101618766785
95,0,0,1,0.9999994039535522
96,1,1,1,0.9999998807907104
97,0,0,1,0.8513827323913574
98,1,1,1,0.9999350309371948
99,0,0,1,0.5730371475219727
100,0,0,1,0.9870794415473938
101,0,0,1,0.9948554635047913
102,1,1,1,0.9999369382858276
103,0,0,1,0.9980988502502441
104,1,1,1,1.0
105,1,1,1,0.9999823570251465
106,0,1,0,0.5474249124526978
107,0,0,1,1.0
108,1,1,1,0.8022878170013428
109,0,0,1,0.9999995827674866
110,1,1,1,0.9994024038314819
111,0,0,1,1.0
112,0,0,1,0.9681311249732971
113,0,0,1,0.9647788405418396
114,1,1,1,0.9990130662918091
115,0,0,1,0.9989465475082397
116,0,0,1,0.9989980459213257
117,1,1,1,0.9938387274742126
118,0,0,1,0.973567008972168
119,0,0,1,0.7098565101623535
120,1,1,1,0.9999442100524902
121,1,1,1,0.9565957188606262
122,0,0,1,0.9970809817314148
123,0,0,1,0.999993622303009
124,0,0,1,0.9407957792282104
125,0,0,1,0.9993554949760437
126,1,1,1,0.9990957975387573
127,0,0,1,0.9269455075263977
128,0,0,1,0.9116316437721252
129,1,1,1,0.9999603033065796
130,1,1,1,0.9999966621398926
131,0,0,1,0.999991774559021
132,1,1,1,0.9187709093093872
133,1,1,1,0.9984299540519714
134,0,0,1,0.6980764865875244
135,1,1,1,0.9999840259552002
136,1,1,1,0.9995717406272888
137,0,1,0,0.5127361416816711
138,1,1,1,0.9999995231628418
139,1,1,1,0.9999792575836182
140,1,1,1,0.9991920590400696
141,1,1,1,0.9025508165359497
142,0,0,1,0.7568254470825195
143,0,0,1,0.8605484962463379
144,0,0,1,0.9998789429664612
145,0,0,1,0.9993289113044739
146,1,1,1,0.9982740879058838
147,0,1,0,0.93755704164505
148,1,1,1,0.9270510673522949
149,1,1,1,0.9999866485595703
150,0,0,1,0.9083564281463623
151,1,1,1,0.9976894855499268
152,0,0,1,0.999822199344635
153,1,1,1,0.9999998807907104
154,0,0,1,0.9599173665046692
155,0,0,1,0.9999998211860657
156,0,0,1,0.9999998211860657
157,0,0,1,0.9924538731575012
158,1,1,1,0.9864264726638794
159,1,1,1,0.9994810223579407
160,1,1,1,0.9984514713287354
161,1,1,1,0.9999978542327881
162,1,1,1,0.9994000196456909
163,1,1,1,0.8699569702148438
164,1,1,1,0.99739009141922
165,1,1,1,0.9938052892684937
166,1,1,1,0.9622707962989807
167,0,0,1,0.9995548725128174
168,0,0,1,0.9964537024497986
169,1,0,0,0.552284836769104
170,1,1,1,1.0
171,1,1,1,0.9999985694885254
172,1,1,1,0.998501181602478
173,1,1,1,0.5741204619407654
174,1,1,1,0.9589175581932068
175,0,0,1,0.8222404718399048
176,1,1,1,0.8848738074302673
177,0,0,1,0.999852180480957
178,0,0,1,0.998982310295105
179,0,0,1,0.9996789693832397
180,1,1,1,0.9993833303451538
181,0,1,0,0.9191663265228271
182,0,0,1,0.9998734593391418
183,0,0,1,0.9210959076881409
184,1,1,1,0.8899964094161987
185,0,0,1,0.9999808669090271
186,1,1,1,0.9591050744056702
187,1,1,1,0.9999958276748657
188,0,0,1,0.9999569058418274
189,0,0,1,0.9962202906608582
190,0,0,1,0.966383695602417
191,1,0,0,0.5673584938049316
192,0,0,1,0.6885594129562378
193,0,0,1,0.9974324107170105
194,1,1,1,0.6429135203361511
195,1,1,1,0.8983763456344604
196,1,1,1,0.9870664477348328
197,0,0,1,1.0
198,0,0,1,0.9186879396438599
199,0,0,1,0.9079035520553589
200,0,1,0,0.9505395889282227
201,0,0,1,0.9991288185119629
202,0,0,1,0.99997478723526
203,1,1,1,1.0
204,0,0,1,0.9997157454490662
205,1,1,1,0.9999932050704956
206,1,1,1,0.9418028593063354
207,0,0,1,0.9827905297279358
208,1,1,1,0.9245147705078125
209,0,0,1,0.999826192855835
210,1,1,1,0.9999997615814209
211,1,1,1,0.9966212511062622
212,0,1,0,0.7097327709197998
213,0,0,1,0.959417462348938
214,0,0,1,0.9947712421417236
215,0,0,1,0.8441771268844604
216,0,0,1,0.5539345741271973
217,1,1,1,0.9999995231628418
218,0,0,1,0.9999990463256836
219,1,1,1,0.9992520213127136
220,1,1,1,0.9999994039535522
221,1,1,1,0.506589949131012
222,0,0,1,0.9917435050010681
223,1,1,1,0.9999938011169434
224,1,1,1,0.9999945163726807
225,0,0,1,0.9938390254974365
226,1,1,1,0.9995182752609253
227,1,1,1,0.9999924898147583
228,1,1,1,0.8948898315429688
229,0,0,1,0.999998927116394
230,1,1,1,0.9719880819320679
231,1,1,1,0.9205563068389893
232,0,0,1,0.9999998807907104
233,1,1,1,0.9804309010505676
234,1,0,0,0.5316678285598755
235,0,0,1,0.9650241732597351
236,1,1,1,0.999797523021698
237,1,1,1,0.8568845987319946
238,1,1,1,0.9997751116752625
239,1,1,1,0.9738484621047974
240,0,0,1,0.9695988893508911
241,0,0,1,0.9999359250068665
242,1,1,1,0.9986446499824524
243,0,0,1,0.7618977427482605
244,1,1,1,1.0
245,0,0,1,0.9667720794677734
246,0,0,1,0.9999142289161682
247,1,1,1,0.9951282739639282
248,1,1,1,0.9973239898681641
249,0,0,1,0.9440272450447083
250,1,1,1,0.9911442399024963
251,1,1,1,0.6808770895004272
252,0,0,1,0.9826391339302063
253,0,0,1,1.0
254,0,0,1,0.9999995231628418
255,1,0,0,0.8379671573638916
256,0,0,1,0.9998864531517029
257,1,1,1,0.9584420919418335
258,0,0,1,0.9999991059303284
259,1,1,1,0.9958711266517639
260,1,1,1,0.9878272414207458
261,1,1,1,0.9944931268692017
262,0,0,1,0.9995037913322449
263,0,0,1,0.9591479301452637
264,1,1,1,0.9996070265769958
265,0,0,1,0.9848411083221436
266,0,0,1,0.9402520060539246
267,1,1,1,0.9477354288101196
268,0,0,1,0.9999972581863403
269,1,1,1,0.8525791168212891
270,1,1,1,0.9985544085502625
271,0,0,1,0.998759388923645
272,0,0,1,0.9997925758361816
273,0,0,1,0.9949068427085876
274,1,1,1,0.548283040523529
275,0,0,1,0.9997351169586182
276,0,0,1,0.9697154760360718
277,1,1,1,0.9454305768013
278,0,0,1,0.997269332408905
279,1,1,1,0.9700201153755188
280,1,1,1,0.9991752505302429
281,0,0,1,0.945654571056366
282,0,0,1,0.986638605594635
283,0,0,1,0.9943466186523438
284,0,0,1,0.997330904006958
285,1,1,1,0.9903106689453125
286,1,1,1,1.0
287,0,0,1,0.8638451099395752
288,1,1,1,0.9922041893005371
289,1,1,1,0.9998637437820435
290,1,1,1,0.9998635053634644
291,0,0,1,0.9988784193992615
292,1,1,1,0.9939637780189514
293,0,0,1,0.9995469450950623
294,0,0,1,1.0
295,1,1,1,0.9713134765625
296,1,1,1,0.9998365640640259
297,1,1,1,0.8213866353034973
298,0,0,1,0.995948076248169
299,0,0,1,0.9976390600204468